global_step = 100000
loss = 2.9647152
masked_lm_accuracy = 0.4762551
masked_lm_loss = 2.7461462
next_sentence_accuracy = 0.96375
next_sentence_loss = 0.081883214
